MEMORY
  total            14.7 MB
  struct          159.2 KB
  buffer          607.9 KB
  arena            14.0 MB, used 0.2%

SIZES
  narena                14680064
  nbuffer               622448
  nplugin               0
  maxuse_stack          7596
  maxuse_arena          32616
  maxuse_con            6
  maxuse_efc            24
  ncon                  6
  ne                    0
  nf                    0
  nl                    0
  nefc                  24
  nJ                    600
  nA                    0
  nisland               0
  nidof                 0
  threadpool            0

TIMER
    0:  duration =  0.22       number = 1
    1:  duration =  0.21       number = 1
    2:  duration =  0          number = 0
    3:  duration =  0.14       number = 1
    4:  duration =  0.008      number = 1
    5:  duration =  0.0021     number = 1
    6:  duration =  0.058      number = 1
    7:  duration =  0.0052     number = 1
    8:  duration =  0.017      number = 1
    9:  duration =  0.0083     number = 1
    10:  duration =  0.098      number = 1
    11:  duration =  0.014      number = 1
    12:  duration =  0.00025    number = 1
    13:  duration =  0.019      number = 1
    14:  duration =  0.03       number = 1

SOLVER STAT
  solver_fwdinv =   0         0       
  ISLAND 0
    solver_niter = 3
    solver_nnz = 625
      0:  improvement =  89          gradient =  2.7         lineslope =  0       
          nactive = 17   nchange = 9   neval = 7   nupdate = 9
      1:  improvement =  1.1e+02     gradient =  0.33        lineslope =  0       
          nactive = 18   nchange = 1   neval = 3   nupdate = 1
      2:  improvement =  0.091       gradient =  4e-15       lineslope =  0       
          nactive = 18   nchange = 0   neval = 2   nupdate = 0

ENERGY =   0         0       

TIME =  0.092   

QPOS
  -0.0031  
   0.00018 
   1       
   1       
   0.021   
   0.017   
  -0.062   
   0.21    
  -0.029   
  -0.11    
   0.4     
  -0.2     
  -0.22    
  -0.02    
  -0.14    
   0.3     
  -0.22    
   0.24    
   0.24    
  -0.056   
   0.31    
  -0.29    
  -0.17    
   0.011   
   0.082   
  -0.1     

QVEL
  -0.077   
   0.024   
  -0.32    
   0.43    
   0.88    
  -2.1     
  -3.6     
  -0.18    
   0.47    
  -1       
  -2.6     
   2.6     
  -0.1     
  -0.72    
  -1.2     
   1.1     
   4.8     
   4.3     
  -0.28    
   5.6     
  -5.8     
  -3.9     
  -0.77    
   2       
  -3       

QACC_WARMSTART
   0.35    
   3.2     
   24      
  -37      
   7.7     
   96      
  -60      
   38      
  -87      
   81      
   1.2e+02 
  -1.1e+02 
   13      
  -1.3e+02 
   3e+02   
  -3.5e+02 
  -1.5e+02 
   1.7e+02 
  -1.2     
  -1.4e+02 
  -75      
  -1.2e+02 
  -50      
   72      
  -42      

CTRL
  -22      
  -29      
  -77      
  -25      
   24      
  -12      
   11      
   26      
  -8.5     
   3.6     
   1.4     
   62      
  -6       
  -11      
  -16      
  -57      
  -1       
   11      
  -15      

QFRC_APPLIED
   0       
   0       
   0       
   0       
   0       
   0       
   0       
   0       
   0       
   0       
   0       
   0       
   0       
   0       
   0       
   0       
   0       
   0       
   0       
   0       
   0       
   0       
   0       
   0       
   0       

XFRC_APPLIED
   0         0         0         0         0         0       
   0         0         0         0         0         0       
   0         0         0         0         0         0       
   0         0         0         0         0         0       
   0         0         0         0         0         0       
   0         0         0         0         0         0       
   0         0         0         0         0         0       
   0         0         0         0         0         0       
   0         0         0         0         0         0       
   0         0         0         0         0         0       
   0         0         0         0         0         0       
   0         0         0         0         0         0       
   0         0         0         0         0         0       
   0         0         0         0         0         0       
   0         0         0         0         0         0       
   0         0         0         0         0         0       
   0         0         0         0         0         0       
   0         0         0         0         0         0       
   0         0         0         0         0         0       
   0         0         0         0         0         0       
   0         0         0         0         0         0       

QACC
   0.35    
   3.2     
   24      
  -37      
   7.7     
   96      
  -60      
   38      
  -87      
   81      
   1.2e+02 
  -1.1e+02 
   13      
  -1.3e+02 
   3e+02   
  -3.5e+02 
  -1.5e+02 
   1.7e+02 
  -1.2     
  -1.4e+02 
  -75      
  -1.2e+02 
  -50      
   72      
  -42      

XPOS
   0         0         0       
  -0.0029    0.00013   1       
   0.0025    0.094     0.86    
   0.042     0.098     0.86    
   0.031     0.21      0.86    
   0.063     0.22      0.47    
  -0.062     0.22      0.087   
  -0.019    -0.079     0.86    
   0.019    -0.092     0.86    
  -0.02     -0.2       0.85    
   0.016    -0.21      0.46    
  -0.059    -0.18      0.064   
  -0.0029    0.00013   1       
  -0.0024    0.14      1.5     
  -0.018     0.19      1.5     
  -0.048     0.19      1.4     
  -0.076     0.19      1.2     
   0.033    -0.17      1.5     
   0.037    -0.23      1.5     
   0.052    -0.22      1.3     
   0.093    -0.2       1.1     

XQUAT
   1         0         0         0       
   1         0.021     0.016    -0.06    
   1         0.022     0.014     0.047   
   1         0.0077    0.013     0.047   
   1         0.01     -0.041     0.047   
   0.99      0.00066   0.16      0.048   
   1         0.0052    0.065     0.048   
   0.99      0.019     0.018    -0.17    
   0.99      0.009     0.02     -0.17    
   0.98     -0.0024   -0.046    -0.17    
   0.98      0.023     0.1      -0.17    
   0.99      0.0044   -0.0071   -0.17    
   1         0.022     0.013     0.057   
   0.96      0.23      0.14      0.08    
   0.99     -0.01      0.11      0.11    
   0.96      0.0066    0.11      0.25    
   0.97      0.042    -0.021     0.25    
   0.98     -0.19     -0.079     0.074   
   0.99      0.033    -0.061     0.09    
   0.99      0.031    -0.062     0.13    
   0.99      0.037    -0.11      0.13    

XMAT
   1         0         0         0         1         0         0         0         1       
   0.99      0.12      0.029    -0.12      0.99     -0.043    -0.034     0.039     1       
   1        -0.094     0.029     0.095     0.99     -0.043    -0.025     0.046     1       
   1        -0.095     0.026     0.095     1        -0.014    -0.025     0.017     1       
   0.99     -0.095    -0.081     0.093     1        -0.024     0.083     0.017     1       
   0.94     -0.095     0.31      0.095     1         0.014    -0.31      0.017     0.95    
   0.99     -0.095     0.13      0.096     1        -0.0043   -0.13      0.017     0.99    
   0.94      0.33      0.029    -0.33      0.94     -0.043    -0.042     0.031     1       
   0.94      0.33      0.036    -0.33      0.94     -0.024    -0.042     0.011     1       
   0.94      0.33     -0.09     -0.33      0.94      0.02      0.092     0.011     1       
   0.92      0.33      0.19     -0.32      0.94     -0.078    -0.2       0.011     0.98    
   0.94      0.33     -0.015    -0.33      0.94     -0.0062    0.012     0.011     1       
   0.99     -0.11      0.029     0.11      0.99     -0.043    -0.024     0.046     1       
   0.95     -0.09      0.3       0.22      0.88     -0.42     -0.23      0.46      0.86    
   0.95     -0.22      0.22      0.22      0.98      0.046    -0.23      0.005     0.97    
   0.84     -0.49      0.22      0.49      0.87      0.046    -0.22      0.071     0.97    
   0.87     -0.49     -0.019     0.48      0.87     -0.092     0.062     0.071     1       
   0.98     -0.11     -0.18      0.17      0.92      0.36      0.13     -0.38      0.92    
   0.98     -0.18     -0.12      0.17      0.98     -0.076     0.13      0.055     0.99    
   0.96     -0.26     -0.12      0.25      0.97     -0.076     0.13      0.044     0.99    
   0.94     -0.26     -0.21      0.24      0.97     -0.1       0.23      0.044     0.97    

XIPOS
   0         0         0       
  -0.0044    0.0021    0.99    
  -0.046     0.09      0.87    
   0.036     0.094     0.86    
   0.047     0.19      0.78    
   0.019     0.22      0.34    
  -0.002     0.22      0.034   
  -0.065    -0.063     0.87    
   0.014    -0.087     0.86    
   0.0024   -0.18      0.77    
  -0.0094   -0.19      0.32    
   0.0047   -0.2       0.02    
   0.0032   -0.0059    1.2     
  -0.0072    0.19      1.5     
  -0.038     0.19      1.4     
  -0.074     0.19      1.2     
   0.063     0.26      1.2     
   0.047    -0.23      1.5     
   0.049    -0.22      1.4     
   0.085    -0.21      1.2     
   0.25     -0.16      1.2     

XIMAT
   1         0         0         0         1         0         0         0         1       
   0.025    -0.99     -0.12     -0.042     0.12     -0.99      1         0.03     -0.039   
  -0.027    -0.78      0.63      1        -0.021     0.017    -2.6e-05   0.63      0.78    
   0.034    -0.072     1        -0.055    -1        -0.07      1        -0.053    -0.038   
   0.95      0.28     -0.12     -0.29      0.95     -0.12      0.084     0.15      0.98    
  -0.29     -0.93      0.22      0.95     -0.31     -0.018     0.082     0.2       0.98    
  -0.12      0.26      0.96      0.99      0.13      0.093    -0.098     0.96     -0.27    
   0.27     -0.76      0.6       0.96      0.16     -0.23      0.077     0.63      0.77    
   0.054    -0.17      0.98      0.014    -0.98     -0.17      1         0.023    -0.05    
   0.99     -0.035    -0.11      0.049     0.99      0.13      0.1      -0.13      0.99    
   0.52     -0.85      0.098     0.85      0.52     -0.023    -0.032     0.096     0.99    
   0.34      0.083     0.94      0.93     -0.17     -0.33      0.13      0.98     -0.13    
   0.99     -0.11      0.023     0.11      0.99     -0.041    -0.019     0.043     1       
   0.96      0.25      0.14      0.17     -0.11     -0.98     -0.23      0.96     -0.15    
  -0.17     -0.93      0.32      0.98     -0.13      0.16     -0.11      0.34      0.93    
  -0.49     -0.86      0.14      0.87     -0.5      -0.028     0.092     0.1       0.99    
  -0.087     0.49      0.87      0.13     -0.86      0.49      0.99      0.16      0.01    
   0.97     -0.14      0.21      0.22      0.034    -0.98      0.13      0.99      0.064   
  -0.26     -0.96      0.024     0.95     -0.27     -0.14      0.14     -0.014     0.99    
  -0.25     -0.94     -0.23      0.97     -0.23     -0.085     0.026    -0.24      0.97    
  -0.098     0.28      0.95     -0.31     -0.92      0.24      0.95     -0.27      0.18    

XANCHOR
  -0.0029    0.00013   1       
   0.0025    0.094     0.86    
   0.042     0.098     0.86    
   0.031     0.21      0.86    
   0.063     0.22      0.47    
  -0.062     0.22      0.087   
  -0.019    -0.079     0.86    
   0.019    -0.092     0.86    
  -0.02     -0.2       0.85    
   0.016    -0.21      0.46    
  -0.059    -0.18      0.064   
  -0.0029    0.00013   1       
  -0.0024    0.14      1.5     
  -0.018     0.19      1.5     
  -0.048     0.19      1.4     
  -0.076     0.19      1.2     
   0.033    -0.17      1.5     
   0.037    -0.23      1.5     
   0.052    -0.22      1.3     
   0.093    -0.2       1.1     

XAXIS
   0         0         1       
   0.029    -0.043     1       
   1         0.095    -0.025   
  -0.095     1         0.017   
  -0.095     1         0.017   
  -0.095     1         0.017   
   0.029    -0.043     1       
   0.94     -0.33     -0.042   
   0.33      0.94      0.011   
   0.33      0.94      0.011   
   0.33      0.94      0.011   
   0.029    -0.043     1       
  -0.09      0.88      0.46    
   0.95      0.22     -0.23    
   0.22      0.046     0.97    
  -0.49      0.87      0.071   
  -0.11      0.92     -0.38    
   0.98      0.17      0.13    
  -0.12     -0.076     0.99    
  -0.26      0.97      0.044   

GEOM_XPOS
   0         0         0       
  -0.0041    0.0019    0.99    
  -0.034     0.089     0.9     
  -0.064     0.088     0.87    
   0.023     0.087     0.86    
   0.044     0.078     0.86    
   0.055     0.2       0.74    
   0.046     0.22      0.68    
   0.066     0.22      0.68    
   0.038     0.14      0.86    
   0.02      0.22      0.31    
   0.019     0.22      0.27    
   0.027     0.22      0.36    
   0.002     0.22      0.031   
  -0.076     0.22      0.038   
  -0.0024    0.22      0.028   
   0.068     0.23      0.013   
  -0.053    -0.068     0.89    
  -0.082    -0.057     0.86    
   0.0027   -0.077     0.86    
   0.025    -0.073     0.86    
   0.0099   -0.19      0.73    
  -0.0026   -0.2       0.67    
   0.016    -0.21      0.67    
   0.0035   -0.14      0.86    
  -0.0063   -0.2       0.3     
  -0.003    -0.2       0.26    
  -0.0054   -0.2       0.34    
   0.0088   -0.2       0.018   
  -0.066    -0.18      0.014   
   0.0051   -0.2       0.015   
   0.073    -0.22      0.01    
   0.024    -0.015     1.4     
   0.0081   -0.015     1.4     
   0.065    -0.022     1.7     
   0.062    -0.024     1.7     
   0.0044   -0.011     1.3     
  -0.0044    0.0023    0.98    
  -0.017     0.18      1.5     
  -0.024     0.19      1.4     
  -0.012     0.16      1.5     
  -0.069     0.18      1.2     
  -0.053     0.18      1.3     
   0.072     0.27      1.2     
   0.046     0.25      1.2     
   0.17      0.32      1.2     
   0.035    -0.22      1.5     
   0.059    -0.22      1.4     
   0.032    -0.2       1.5     
   0.077    -0.21      1.2     
   0.055    -0.22      1.3     
   0.26     -0.16      1.2     
   0.23     -0.17      1.2     
   0.36     -0.13      1.2     

GEOM_XMAT
   1         0         0         0         1         0         0         0         1       
   0.029    -0.99     -0.12     -0.043     0.12     -0.99      1         0.034    -0.039   
   0.77     -0.094     0.63      0.1       0.99      0.024    -0.63      0.046     0.78    
  -0.029    -0.094     1         0.043     0.99      0.095    -1         0.046    -0.025   
   0.15      0.026     0.99      0.99     -0.014    -0.15      0.0098    1        -0.028   
   1         0.026     0.095     0.095    -0.014    -1        -0.025     1        -0.017   
   0.96      0.25     -0.13     -0.27      0.95     -0.12      0.093     0.15      0.98    
  -0.98     -0.095     0.17     -0.09      1         0.033    -0.18      0.017    -0.98    
   0.99      0.095     0.081     0.093    -1         0.024     0.083    -0.017    -1       
   0.99     -0.081     0.095     0.093    -0.024    -1         0.083     1        -0.017   
  -0.18     -0.95      0.27      0.98     -0.19      0.0023    0.048     0.26      0.96    
   0.94      0.095    -0.31      0.095    -1        -0.014    -0.31     -0.017    -0.95    
   0.94     -0.095     0.31      0.095     1         0.014    -0.31      0.017     0.95    
   0.25      0.095     0.96      0.0085   -1         0.096     0.97     -0.016    -0.25    
  -0.067    -0.095    -0.99     -0.023     1        -0.093     1         0.017    -0.069   
   0.24     -0.095    -0.97      0.0068    1        -0.096     0.97      0.017     0.24    
   0.99      0.13      0.095     0.096    -0.0043   -1        -0.13      0.99     -0.017   
   0.73      0.33      0.6      -0.24      0.94     -0.24     -0.64      0.031     0.77    
  -0.029     0.33      0.94      0.043     0.94     -0.33     -1         0.031    -0.042   
   0.093     0.036     1         1        -0.025    -0.092     0.021     1        -0.038   
   0.94      0.036    -0.33     -0.33     -0.024    -0.94     -0.042     1        -0.011   
   0.99     -0.013    -0.11      0.027     0.99      0.13      0.11     -0.13      0.98    
  -0.93      0.33      0.18      0.33      0.94     -0.052    -0.19      0.011    -0.98    
   0.94     -0.33      0.09     -0.33     -0.94     -0.02      0.092    -0.011    -1       
   0.94     -0.09     -0.33     -0.33      0.02     -0.94      0.092     1        -0.011   
   0.42     -0.9       0.14      0.91      0.41     -0.055    -0.01      0.15      0.99    
   0.92     -0.33     -0.19     -0.32     -0.94      0.078    -0.2      -0.011    -0.98    
   0.92      0.33      0.19     -0.32      0.94     -0.078    -0.2       0.011     0.98    
   0.1      -0.33      0.94     -0.048    -0.94     -0.33      0.99     -0.011    -0.11    
  -0.2       0.33     -0.92      0.059     0.94      0.33      0.98      0.011    -0.21    
   0.093     0.33     -0.94     -0.045     0.94      0.33      0.99      0.011     0.1     
   0.94     -0.015    -0.33     -0.33     -0.0062   -0.94      0.012     1        -0.011   
   0.99     -0.11      0.11      0.12      0.99     -0.033    -0.11      0.046     0.99    
   0.029     0.029     1        -0.059    -1         0.03      1        -0.06     -0.027   
   0.99     -0.11      0.029     0.11      0.99     -0.043    -0.024     0.046     1       
   0.99     -0.11      0.029     0.11      0.99     -0.043    -0.024     0.046     1       
   0.99     -0.11      0.029     0.11      0.99     -0.043    -0.024     0.046     1       
   0.99      0.029     0.11      0.11     -0.043    -0.99     -0.024     1        -0.046   
   0.94      0.25      0.25      0.29     -0.12     -0.95     -0.21      0.96     -0.19    
   0.75     -0.3       0.59      0.24      0.95      0.19     -0.62      0.0026    0.78    
   0.95     -0.28     -0.14      0.22      0.28      0.94     -0.23     -0.92      0.33    
  -0.49     -0.86      0.12      0.87     -0.5      -0.024     0.082     0.095     0.99    
   0.84     -0.49      0.22      0.49      0.87      0.046    -0.22      0.071     0.97    
   0.038     0.49      0.87     -0.096    -0.87      0.49      0.99     -0.1       0.014   
   0.027    -0.49     -0.87     -0.066     0.87     -0.49      1         0.071    -0.0086  
   0.87     -0.49     -0.019     0.48      0.87     -0.092     0.062     0.071     1       
   0.98     -0.15      0.094     0.1       0.048    -0.99      0.14      0.99      0.062   
   0.94     -0.11      0.32      0.13      0.99     -0.046    -0.31      0.085     0.95    
   0.98     -0.17      0.13      0.17      0.25     -0.95      0.13      0.95      0.28    
  -0.25     -0.94     -0.23      0.97     -0.23     -0.097     0.036    -0.25      0.97    
   0.96     -0.26     -0.12      0.25      0.97     -0.076     0.13      0.044     0.99    
  -0.17      0.25      0.95     -0.059    -0.97      0.24      0.98     -0.014     0.18    
  -0.16     -0.26     -0.95     -0.088     0.97     -0.25      0.98      0.044    -0.17    
   0.94     -0.26     -0.21      0.24      0.97     -0.1       0.23      0.044     0.97    

SITE_XPOS
  -0.037    -0.036     1.3     

SITE_XMAT
   0.99     -0.11      0.029     0.11      0.99     -0.043    -0.024     0.046     1       

LIGHT_XPOS
   2         0         2.5     
   0         0         3.5     

LIGHT_XDIR
  -0.85     -0.002    -0.53    
   0         0        -1       

SUBTREE_COM
   0.0075    0.0011    1       
   0.0075    0.0011    1       
   0.019     0.16      0.72    
   0.036     0.17      0.67    
   0.036     0.2       0.61    
   0.015     0.22      0.27    
  -0.002     0.22      0.034   
  -0.011    -0.14      0.71    
   0.0033   -0.16      0.66    
  -0.00064  -0.19      0.6     
  -0.0065   -0.19      0.26    
   0.0047   -0.2       0.02    
   0.013    -0.0047    1.3     
  -0.017     0.2       1.3     
  -0.022     0.21      1.2     
  -0.013     0.22      1.2     
   0.063     0.26      1.2     
   0.097    -0.21      1.3     
   0.12     -0.2       1.2     
   0.16     -0.19      1.2     
   0.25     -0.16      1.2     

CDOF
   0         0         0         1         0         0       
   0         0         0         0         1         0       
   0         0         0         0         0         1       
   0.99     -0.12     -0.034     0.004     0.033     0.0022  
   0.12      0.99      0.039    -0.033     0.0044   -0.01    
   0.029    -0.043     1         0.00043   0.011     0.00048 
   0.029    -0.043     1         0.087     0.00096  -0.0025  
   1         0.095    -0.025     0.011    -0.14     -0.093   
  -0.095     1         0.017     0.14      0.012     0.043   
  -0.095     1         0.017     0.54      0.05      0.076   
  -0.095     1         0.017     0.91      0.088    -0.049   
   0.029    -0.043     1        -0.086     0.022     0.0035  
   0.94     -0.33     -0.042    -0.045    -0.14      0.084   
   0.33      0.94      0.011     0.14     -0.049     0.042   
   0.33      0.94      0.011     0.51     -0.18      0.079   
   0.33      0.94      0.011     0.88     -0.31     -0.0033  
   0.029    -0.043     1         0.00043   0.011     0.00048 
  -0.09      0.88      0.46     -0.35     -0.038     0.0034  
   0.95      0.22     -0.23     -0.15      0.45     -0.19    
   0.22      0.046     0.97      0.16      0.13     -0.044   
  -0.49      0.87      0.071    -0.12     -0.07      0.017   
  -0.11      0.92     -0.38     -0.35     -0.043     0.0032  
   0.98      0.17      0.13     -0.11      0.45      0.23    
  -0.12     -0.076     0.99     -0.19     -0.082    -0.029   
  -0.26      0.97      0.044    -0.14     -0.039     0.03    

CINERT
   0         0         0         0         0         0         0         0         0         0       
   0.045     0.01      0.05     -0.0042   -0.00081  -0.0015   -0.064     0.0054   -0.063     5.4     
   0.057     0.047     0.026     0.011    -0.016     0.025    -0.12      0.2      -0.29      2.2     
   0.064     0.047     0.024    -0.006     0.0089    0.029     0.064     0.21     -0.31      2.2     
   0.43      0.28      0.17     -0.033     0.045     0.18      0.16      0.79     -0.9       4.2     
   0.85      0.78      0.082    -0.0043    0.011     0.25      0.02      0.37     -1.1       1.7     
   0.44      0.42      0.024     0.00076  -0.0036    0.096    -0.0042    0.099    -0.43      0.45    
   0.053     0.055     0.023    -0.01     -0.022    -0.019    -0.16     -0.14     -0.3       2.2     
   0.067     0.05      0.02      0.0014    0.0022   -0.029     0.015    -0.2      -0.32      2.2     
   0.44      0.3       0.15     -0.0028    0.0035   -0.18     -0.021    -0.76     -0.94      4.2     
   0.87      0.81      0.067    -0.0055   -0.021    -0.23     -0.029    -0.33     -1.2       1.7     
   0.45      0.43      0.02      0.00036  -0.00099  -0.088    -0.0013   -0.09     -0.44      0.45    
   1.5       1.4       0.13      0.008     0.01      0.041    -0.076    -0.12      4.2       18      
   0.28      0.24      0.039     0.003     0.0072   -0.094    -0.015     0.2       0.5       1       
   0.15      0.12      0.031     0.0068    0.014    -0.058    -0.036     0.15      0.31      0.79    
   0.064     0.04      0.035     0.013     0.013    -0.03     -0.068     0.16      0.16      0.84    
   0.063     0.022     0.054    -0.012    -0.0056   -0.026     0.037     0.18      0.1       0.67    
   0.28      0.22      0.056     0.0093   -0.019     0.11      0.04     -0.23      0.48      1       
   0.15      0.11      0.043     0.0073   -0.012     0.066     0.033    -0.18      0.29      0.79    
   0.064     0.033     0.042     0.013    -0.01      0.03      0.065    -0.17      0.14      0.84    
   0.035     0.06      0.061     0.025    -0.026     0.017     0.16     -0.11      0.1       0.67    

ACTUATOR_LENGTH
   0.21    
  -0.029   
  -0.11    
   0.4     
  -0.19    
  -0.22    
  -0.02    
  -0.13    
   0.3     
  -0.22    
   0.23    
   0.23    
  -0.055   
   0.3     
  -0.28    
  -0.16    
   0.012   
   0.078   
  -0.098   

actuator_moment
---------------------------
       x                   |
        x                  |
         x                 |
          x                |
           x               |
            x              |
             x             |
              x            |
               x           |
                x          |
                 x         |
                  x        |
                   x       |
                    x      |
                     x     |
                      x    |
                       x   |
                        x  |
                         x |
---------------------------

ACTUATOR_MOMENT
     6:  1       
     7:  1       
     8:  1       
     9:  1       
    10:  1       
    11:  1       
    12:  1       
    13:  1       
    14:  1       
    15:  1       
    16:  1       
    17:  1       
    18:  1       
    19:  1       
    20:  1       
    21:  1       
    22:  1       
    23:  1       
    24:  1       

CRB
   0         0         0         0         0         0         0         0         0         0       
   6.3       5.5       1.1       0.02     -0.022     0.083     1.4e-16   0        -1.8e-15   51      
   1.8       1.6       0.32     -0.032     0.046     0.58      0.12      1.7      -3.1       11      
   1.8       1.5       0.3      -0.042     0.062     0.55      0.24      1.5      -2.8       8.6     
   1.7       1.5       0.27     -0.036     0.053     0.52      0.18      1.3      -2.5       6.3     
   1.3       1.2       0.11     -0.0035    0.0074    0.34      0.016     0.47     -1.6       2.2     
   0.44      0.42      0.024     0.00076  -0.0036    0.096    -0.0042    0.099    -0.43      0.45    
   1.9       1.6       0.28     -0.017    -0.038    -0.55     -0.2      -1.5      -3.2       11      
   1.8       1.6       0.26     -0.0066   -0.016    -0.53     -0.036    -1.4      -2.9       8.6     
   1.8       1.5       0.24     -0.008    -0.018    -0.5      -0.051    -1.2      -2.6       6.3     
   1.3       1.2       0.088    -0.0052   -0.022    -0.32     -0.03     -0.42     -1.6       2.2     
   0.45      0.43      0.02      0.00036  -0.00099  -0.088    -0.0013   -0.09     -0.44      0.45    
   2.6       2.3       0.49      0.073    -0.028     0.053     0.14     -0.14      6.3       24      
   0.55      0.43      0.16      0.01      0.028    -0.21     -0.083     0.68      1.1       3.3     
   0.28      0.19      0.12      0.0072    0.021    -0.11     -0.068     0.48      0.57      2.3     
   0.13      0.062     0.09      0.00044   0.007    -0.056    -0.031     0.33      0.26      1.5     
   0.063     0.022     0.054    -0.012    -0.0056   -0.026     0.037     0.18      0.1       0.67    
   0.52      0.43      0.2       0.054    -0.067     0.22      0.3      -0.7       1         3.3     
   0.25      0.2       0.15      0.045    -0.048     0.11      0.26     -0.46      0.54      2.3     
   0.098     0.093     0.1       0.038    -0.036     0.046     0.22     -0.28      0.25      1.5     
   0.035     0.06      0.061     0.025    -0.026     0.017     0.16     -0.11      0.1       0.67    

QM
   51      
   0         51      
   0         0         51      
   0.21      1.7       0.12      6.4     
  -1.7       0.23     -0.52      0.12      5.6     
   0.022     0.58      0.025     0.16     -0.087     1.2     
  -0.59      0.22      0.027     0.07      0.28      0.15      0.19    
  -0.14      1.6       0.64      1.3       0.24      0.11      0.078     1.1     
  -1.6      -0.15     -0.025    -0.27      1.2       0.29      0.15     -0.0074    1       
  -0.42     -0.041     0.11     -0.059     0.36      0.075     0.039     0.011     0.3       0.23    
  -0.024    -0.0018   -0.027    -0.011     0.025     0.004     0.002    -0.0032    0.021     0.011     0.11    
   0.73      0.13     -0.016     0.12     -0.35      0.18                                                        0.22    
   0.52      1.5      -0.6       1.3      -0.23      0.16                                                        0.13      1.1     
  -1.5       0.54     -0.085     0.29      1.2      -0.34                                                       -0.2       0.017     1       
  -0.4       0.14      0.057     0.074     0.36     -0.091                                                      -0.054    -0.0043    0.3       0.23    
  -0.018     0.0069   -0.03      0.011     0.022    -0.0041                                                     -0.0025    0.0036    0.019     0.01      0.11    
  -0.12      0.23      0.013    -0.033    -0.019     0.49                                                                                                          0.59    
  -0.55     -0.068     0.023     0.017    -0.072     0.13                                                                                                          0.13      0.27    
  -0.11      0.52      0.042    -0.068    -0.028     0.013                                                                                                         0.013     0.0094    0.25    
  -0.065     0.11      0.0097   -0.01     -0.0084    0.029                                                                                                         0.029     0.024     0.036     0.13    
  -0.0071    0.0047   -0.11     -0.033     0.0076    0.0012                                                                                                        0.0012    0.015    -0.0054   -2.7e-06   0.12    
  -0.51     -0.14     -0.18      0.06     -0.037    -0.12                                                                                                         -0.12                                              0.27    
  -0.1       0.54      0.037    -0.084    -0.029     0.059                                                                                                         0.059                                            -0.019     0.26    
  -0.032     0.13      0.0061   -0.018    -0.0066    0.031                                                                                                         0.031                                            -0.0094    0.043     0.13    
   0.012     0.0082   -0.11      0.01      0.035     0.0032                                                                                                        0.0032                                            0.022    -0.0019   -1.1e-06   0.12    

M
     0:  51      
     0:  0          1:  51      
     0:  0          1:  0          2:  51      
     0:  0.21       1:  1.7        2:  0.12       3:  6.4     
     0: -1.7        1:  0.23       2: -0.52       3:  0.12       4:  5.6     
     0:  0.022      1:  0.58       2:  0.025      3:  0.16       4: -0.087      5:  1.2     
     0: -0.59       1:  0.22       2:  0.027      3:  0.07       4:  0.28       5:  0.15       6:  0.19    
     0: -0.14       1:  1.6        2:  0.64       3:  1.3        4:  0.24       5:  0.11       6:  0.078      7:  1.1     
     0: -1.6        1: -0.15       2: -0.025      3: -0.27       4:  1.2        5:  0.29       6:  0.15       7: -0.0074     8:  1       
     0: -0.42       1: -0.041      2:  0.11       3: -0.059      4:  0.36       5:  0.075      6:  0.039      7:  0.011      8:  0.3        9:  0.23    
     0: -0.024      1: -0.0018     2: -0.027      3: -0.011      4:  0.025      5:  0.004      6:  0.002      7: -0.0032     8:  0.021      9:  0.011     10:  0.11    
     0:  0.73       1:  0.13       2: -0.016      3:  0.12       4: -0.35       5:  0.18      11:  0.22    
     0:  0.52       1:  1.5        2: -0.6        3:  1.3        4: -0.23       5:  0.16      11:  0.13      12:  1.1     
     0: -1.5        1:  0.54       2: -0.085      3:  0.29       4:  1.2        5: -0.34      11: -0.2       12:  0.017     13:  1       
     0: -0.4        1:  0.14       2:  0.057      3:  0.074      4:  0.36       5: -0.091     11: -0.054     12: -0.0043    13:  0.3       14:  0.23    
     0: -0.018      1:  0.0069     2: -0.03       3:  0.011      4:  0.022      5: -0.0041    11: -0.0025    12:  0.0036    13:  0.019     14:  0.01      15:  0.11    
     0: -0.12       1:  0.23       2:  0.013      3: -0.033      4: -0.019      5:  0.49      16:  0.59    
     0: -0.55       1: -0.068      2:  0.023      3:  0.017      4: -0.072      5:  0.13      16:  0.13      17:  0.27    
     0: -0.11       1:  0.52       2:  0.042      3: -0.068      4: -0.028      5:  0.013     16:  0.013     17:  0.0094    18:  0.25    
     0: -0.065      1:  0.11       2:  0.0097     3: -0.01       4: -0.0084     5:  0.029     16:  0.029     17:  0.024     18:  0.036     19:  0.13    
     0: -0.0071     1:  0.0047     2: -0.11       3: -0.033      4:  0.0076     5:  0.0012    16:  0.0012    17:  0.015     18: -0.0054    19: -2.7e-06   20:  0.12    
     0: -0.51       1: -0.14       2: -0.18       3:  0.06       4: -0.037      5: -0.12      16: -0.12      21:  0.27    
     0: -0.1        1:  0.54       2:  0.037      3: -0.084      4: -0.029      5:  0.059     16:  0.059     21: -0.019     22:  0.26    
     0: -0.032      1:  0.13       2:  0.0061     3: -0.018      4: -0.0066     5:  0.031     16:  0.031     21: -0.0094    22:  0.043     23:  0.13    
     0:  0.012      1:  0.0082     2: -0.11       3:  0.01       4:  0.035      5:  0.0032    16:  0.0032    21:  0.022     22: -0.0019    23: -1.1e-06   24:  0.12    

QLD
     0:  41      
     0:  0.0058     1:  43      
     0:  0.0076     1: -0.0039     2:  50      
     0: -0.086      1: -0.63       2:  0.042      3:  3.1     
     0:  0.82       1: -0.074      2: -0.25       3:  0.038      4:  2.6     
     0: -0.0023     1:  0.22       2: -0.035      3:  0.037      4:  0.0021     5:  0.39    
     0: -2          1:  0.78       2: -0.073      3:  0.099      4:  0.49       5:  0.57       6:  0.16    
     0: -0.14       1:  1.5        2:  0.59       3:  1.2        4:  0.23       5:  0.1        6:  0.074      7:  1.1     
     0: -1.7        1: -0.16       2: -0.25       3: -0.3        4:  1.1        5:  0.31       6:  0.16       7: -0.032      8:  0.64    
     0: -1.8        1: -0.18       2:  0.47       3: -0.25       4:  1.5        5:  0.32       6:  0.17       7:  0.047      8:  1.3        9:  0.23    
     0: -0.23       1: -0.017      2: -0.26       3: -0.11       4:  0.24       5:  0.038      6:  0.019      7: -0.03       8:  0.2        9:  0.1       10:  0.11    
     0:  2.2        1:  0.27       2:  0.24       3:  0.12       4: -0.52       5:  0.58      11:  0.16    
     0:  0.51       1:  1.4        2: -0.55       3:  1.2        4: -0.23       5:  0.16      11:  0.13      12:  1.1     
     0: -1.6        1:  0.57       2: -0.25       3:  0.31       4:  1.1        5: -0.35      11: -0.2       12:  0.035     13:  0.64    
     0: -1.7        1:  0.61       2:  0.26       3:  0.31       4:  1.6        5: -0.39      11: -0.23      12: -0.02      13:  1.3       14:  0.23    
     0: -0.18       1:  0.065      2: -0.29       3:  0.11       4:  0.21       5: -0.039     11: -0.024     12:  0.034     13:  0.18      14:  0.099     15:  0.11    
     0: -0.11       1:  0.16       2: -0.18       3:  0.0042     4:  0.0072     5:  0.78      16:  0.45    
     0: -2          1: -0.37       2:  0.13       3:  0.093      4: -0.27       5:  0.48      16:  0.48      17:  0.26    
     0: -0.37       1:  2          2:  0.14       3: -0.28       4: -0.11       5:  0.019     16:  0.019     17:  0.014     18:  0.24    
     0: -0.51       1:  0.87       2:  0.076      3: -0.08       4: -0.066      5:  0.23      16:  0.23      17:  0.19      18:  0.29      19:  0.13    
     0: -0.058      1:  0.038      2: -0.87       3: -0.27       4:  0.062      5:  0.0098    16:  0.0098    17:  0.12      18: -0.044     19: -2.2e-05   20:  0.12    
     0: -1.9        1: -0.37       2: -0.6        3:  0.19       4: -0.17       5: -0.44      16: -0.44      21:  0.27    
     0: -0.36       1:  2          2:  0.13       3: -0.32       4: -0.11       5:  0.2       16:  0.2       21: -0.064     22:  0.25    
     0: -0.25       1:  0.99       2:  0.048      3: -0.14       4: -0.052      5:  0.24      16:  0.24      21: -0.073     22:  0.34      23:  0.13    
     0:  0.099      1:  0.066      2: -0.86       3:  0.083      4:  0.29       5:  0.026     16:  0.026     21:  0.18      22: -0.016     23: -8.9e-06   24:  0.12    

QLDIAGINV
   0.025   
   0.023   
   0.02    
   0.33    
   0.38    
   2.5     
   6.1     
   0.93    
   1.6     
   4.3     
   9.5     
   6.1     
   0.93    
   1.6     
   4.3     
   9.5     
   2.2     
   3.8     
   4.2     
   7.9     
   8.1     
   3.7     
   4.1     
   7.8     
   8.1     

QH
     0:  41      
     0:  0.0058     1:  43      
     0:  0.0076     1: -0.0039     2:  50      
     0: -0.086      1: -0.62       2:  0.042      3:  3.1     
     0:  0.82       1: -0.074      2: -0.25       3:  0.038      4:  2.6     
     0: -0.0023     1:  0.23       2: -0.035      3:  0.038      4:  0.0019     5:  0.4     
     0: -2          1:  0.78       2: -0.072      3:  0.099      4:  0.49       5:  0.57       6:  0.17    
     0: -0.14       1:  1.5        2:  0.59       3:  1.2        4:  0.23       5:  0.1        6:  0.074      7:  1.1     
     0: -1.7        1: -0.16       2: -0.24       3: -0.3        4:  1.1        5:  0.31       6:  0.16       7: -0.032      8:  0.64    
     0: -1.8        1: -0.18       2:  0.46       3: -0.25       4:  1.5        5:  0.32       6:  0.17       7:  0.047      8:  1.3        9:  0.23    
     0: -0.22       1: -0.017      2: -0.25       3: -0.11       4:  0.23       5:  0.037      6:  0.019      7: -0.03       8:  0.2        9:  0.1       10:  0.11    
     0:  2.2        1:  0.27       2:  0.23       3:  0.12       4: -0.52       5:  0.58      11:  0.17    
     0:  0.51       1:  1.4        2: -0.55       3:  1.2        4: -0.23       5:  0.16      11:  0.12      12:  1.1     
     0: -1.6        1:  0.56       2: -0.24       3:  0.31       4:  1.1        5: -0.35      11: -0.2       12:  0.035     13:  0.64    
     0: -1.7        1:  0.61       2:  0.26       3:  0.31       4:  1.6        5: -0.39      11: -0.23      12: -0.02      13:  1.3       14:  0.23    
     0: -0.17       1:  0.064      2: -0.28       3:  0.11       4:  0.21       5: -0.038     11: -0.024     12:  0.033     13:  0.18      14:  0.097     15:  0.11    
     0: -0.11       1:  0.16       2: -0.18       3:  0.0038     4:  0.0069     5:  0.78      16:  0.46    
     0: -2          1: -0.36       2:  0.13       3:  0.092      4: -0.27       5:  0.48      16:  0.48      17:  0.26    
     0: -0.37       1:  2          2:  0.14       3: -0.28       4: -0.11       5:  0.019     16:  0.019     17:  0.014     18:  0.24    
     0: -0.5        1:  0.86       2:  0.075      3: -0.078      4: -0.065      5:  0.23      16:  0.23      17:  0.18      18:  0.28      19:  0.13    
     0: -0.057      1:  0.038      2: -0.85       3: -0.26       4:  0.061      5:  0.0096    16:  0.0096    17:  0.12      18: -0.043     19: -2.2e-05   20:  0.13    
     0: -1.9        1: -0.37       2: -0.6        3:  0.19       4: -0.17       5: -0.44      16: -0.44      21:  0.27    
     0: -0.36       1:  2          2:  0.13       3: -0.31       4: -0.11       5:  0.2       16:  0.2       21: -0.063     22:  0.25    
     0: -0.24       1:  0.97       2:  0.047      3: -0.13       4: -0.051      5:  0.24      16:  0.24      21: -0.072     22:  0.33      23:  0.13    
     0:  0.098      1:  0.065      2: -0.85       3:  0.082      4:  0.28       5:  0.026     16:  0.026     21:  0.18      22: -0.015     23: -8.7e-06   24:  0.13    

QHDIAGINV
   0.024   
   0.023   
   0.02    
   0.33    
   0.38    
   2.5     
   6       
   0.93    
   1.6     
   4.3     
   9.3     
   6       
   0.92    
   1.6     
   4.3     
   9.3     
   2.2     
   3.8     
   4.1     
   7.7     
   8       
   3.7     
   4       
   7.7     
   8       

B: body-dof matrix
---------------------------
 xxxxxxxxxxxxxxxxxxxxxxxxx |
 xxxxxxxxxxxxxxxxxxxxxxxxx |
 xxxxxxxxxxx               |
 xxxxxxxxxxx               |
 xxxxxxxxxxx               |
 xxxxxxxxxxx               |
 xxxxxxxxxxx               |
 xxxxxx     xxxxx          |
 xxxxxx     xxxxx          |
 xxxxxx     xxxxx          |
 xxxxxx     xxxxx          |
 xxxxxx     xxxxx          |
 xxxxxx          xxxxxxxxx |
 xxxxxx          xxxxx     |
 xxxxxx          xxxxx     |
 xxxxxx          xxxxx     |
 xxxxxx          xxxxx     |
 xxxxxx          x    xxxx |
 xxxxxx          x    xxxx |
 xxxxxx          x    xxxx |
 xxxxxx          x    xxxx |
---------------------------

B_rownnz              25 25 11 11 11 11 11 11 11 11 11 11 15 11 11 11 11 11 11 11 11

B_rowadr              0 25 50 61 72 83 94 105 116 127 138 149 160 175 186 197 208 219 230 241 252

B_colind              0 1 2 3 4 5 6 7 8 9 10 11 12 13 14 15 16 17 18 19 20 21 22 23 24 0 1 2 3 4 5 6 7 8 9 10 11 12 13 14 15 16 17 18 19 20 21 22 23 24 0 1 2 3 4 5 6 7 8 9 10 0 1 2 3 4 5 6 7 8 9 10 0 1 2 3 4 5 6 7 8 9 10 0 1 2 3 4 5 6 7 8 9 10 0 1 2 3 4 5 6 7 8 9 10 0 1 2 3 4 5 11 12 13 14 15 0 1 2 3 4 5 11 12 13 14 15 0 1 2 3 4 5 11 12 13 14 15 0 1 2 3 4 5 11 12 13 14 15 0 1 2 3 4 5 11 12 13 14 15 0 1 2 3 4 5 16 17 18 19 20 21 22 23 24 0 1 2 3 4 5 16 17 18 19 20 0 1 2 3 4 5 16 17 18 19 20 0 1 2 3 4 5 16 17 18 19 20 0 1 2 3 4 5 16 17 18 19 20 0 1 2 3 4 5 16 21 22 23 24 0 1 2 3 4 5 16 21 22 23 24 0 1 2 3 4 5 16 21 22 23 24 0 1 2 3 4 5 16 21 22 23 24

M: reduced inertia matrix
---------------------------
 x                         |
 xx                        |
 xxx                       |
 xxxx                      |
 xxxxx                     |
 xxxxxx                    |
 xxxxxxx                   |
 xxxxxxxx                  |
 xxxxxxxxx                 |
 xxxxxxxxxx                |
 xxxxxxxxxxx               |
 xxxxxx     x              |
 xxxxxx     xx             |
 xxxxxx     xxx            |
 xxxxxx     xxxx           |
 xxxxxx     xxxxx          |
 xxxxxx          x         |
 xxxxxx          xx        |
 xxxxxx          xxx       |
 xxxxxx          xxxx      |
 xxxxxx          xxxxx     |
 xxxxxx          x    x    |
 xxxxxx          x    xx   |
 xxxxxx          x    xxx  |
 xxxxxx          x    xxxx |
---------------------------

M_rownnz              1 2 3 4 5 6 7 8 9 10 11 7 8 9 10 11 7 8 9 10 11 8 9 10 11

M_rowadr              0 1 3 6 10 15 21 28 36 45 55 66 73 81 90 100 111 118 126 135 145 156 164 173 183

M_colind              0 0 1 0 1 2 0 1 2 3 0 1 2 3 4 0 1 2 3 4 5 0 1 2 3 4 5 6 0 1 2 3 4 5 6 7 0 1 2 3 4 5 6 7 8 0 1 2 3 4 5 6 7 8 9 0 1 2 3 4 5 6 7 8 9 10 0 1 2 3 4 5 11 0 1 2 3 4 5 11 12 0 1 2 3 4 5 11 12 13 0 1 2 3 4 5 11 12 13 14 0 1 2 3 4 5 11 12 13 14 15 0 1 2 3 4 5 16 0 1 2 3 4 5 16 17 0 1 2 3 4 5 16 17 18 0 1 2 3 4 5 16 17 18 19 0 1 2 3 4 5 16 17 18 19 20 0 1 2 3 4 5 16 21 0 1 2 3 4 5 16 21 22 0 1 2 3 4 5 16 21 22 23 0 1 2 3 4 5 16 21 22 23 24

mapM2M                0 2 1 5 4 3 9 8 7 6 14 13 12 11 10 20 19 18 17 16 15 27 26 25 24 23 22 21 35 34 33 32 31 30 29 28 44 43 42 41 40 39 38 37 36 54 53 52 51 50 49 48 47 46 45 65 64 63 62 61 60 59 58 57 56 55 72 71 70 69 68 67 66 80 79 78 77 76 75 74 73 89 88 87 86 85 84 83 82 81 99 98 97 96 95 94 93 92 91 90 110 109 108 107 106 105 104 103 102 101 100 117 116 115 114 113 112 111 125 124 123 122 121 120 119 118 134 133 132 131 130 129 128 127 126 144 143 142 141 140 139 138 137 136 135 155 154 153 152 151 150 149 148 147 146 145 163 162 161 160 159 158 157 156 172 171 170 169 168 167 166 165 164 182 181 180 179 178 177 176 175 174 173 193 192 191 190 189 188 187 186 185 184 183

D: dof-dof matrix
---------------------------
 Dxxxxxxxxxxxxxxxxxxxxxxxx |
 xDxxxxxxxxxxxxxxxxxxxxxxx |
 xxDxxxxxxxxxxxxxxxxxxxxxx |
 xxxDxxxxxxxxxxxxxxxxxxxxx |
 xxxxDxxxxxxxxxxxxxxxxxxxx |
 xxxxxDxxxxxxxxxxxxxxxxxxx |
 xxxxxxDxxxx               |
 xxxxxxxDxxx               |
 xxxxxxxxDxx               |
 xxxxxxxxxDx               |
 xxxxxxxxxxD               |
 xxxxxx     Dxxxx          |
 xxxxxx     xDxxx          |
 xxxxxx     xxDxx          |
 xxxxxx     xxxDx          |
 xxxxxx     xxxxD          |
 xxxxxx          Dxxxxxxxx |
 xxxxxx          xDxxx     |
 xxxxxx          xxDxx     |
 xxxxxx          xxxDx     |
 xxxxxx          xxxxD     |
 xxxxxx          x    Dxxx |
 xxxxxx          x    xDxx |
 xxxxxx          x    xxDx |
 xxxxxx          x    xxxD |
---------------------------

D_rownnz              25 25 25 25 25 25 11 11 11 11 11 11 11 11 11 11 15 11 11 11 11 11 11 11 11

D_rowadr              0 25 50 75 100 125 150 161 172 183 194 205 216 227 238 249 260 275 286 297 308 319 330 341 352

D_colind              0 1 2 3 4 5 6 7 8 9 10 11 12 13 14 15 16 17 18 19 20 21 22 23 24 0 1 2 3 4 5 6 7 8 9 10 11 12 13 14 15 16 17 18 19 20 21 22 23 24 0 1 2 3 4 5 6 7 8 9 10 11 12 13 14 15 16 17 18 19 20 21 22 23 24 0 1 2 3 4 5 6 7 8 9 10 11 12 13 14 15 16 17 18 19 20 21 22 23 24 0 1 2 3 4 5 6 7 8 9 10 11 12 13 14 15 16 17 18 19 20 21 22 23 24 0 1 2 3 4 5 6 7 8 9 10 11 12 13 14 15 16 17 18 19 20 21 22 23 24 0 1 2 3 4 5 6 7 8 9 10 0 1 2 3 4 5 6 7 8 9 10 0 1 2 3 4 5 6 7 8 9 10 0 1 2 3 4 5 6 7 8 9 10 0 1 2 3 4 5 6 7 8 9 10 0 1 2 3 4 5 11 12 13 14 15 0 1 2 3 4 5 11 12 13 14 15 0 1 2 3 4 5 11 12 13 14 15 0 1 2 3 4 5 11 12 13 14 15 0 1 2 3 4 5 11 12 13 14 15 0 1 2 3 4 5 16 17 18 19 20 21 22 23 24 0 1 2 3 4 5 16 17 18 19 20 0 1 2 3 4 5 16 17 18 19 20 0 1 2 3 4 5 16 17 18 19 20 0 1 2 3 4 5 16 17 18 19 20 0 1 2 3 4 5 16 21 22 23 24 0 1 2 3 4 5 16 21 22 23 24 0 1 2 3 4 5 16 21 22 23 24 0 1 2 3 4 5 16 21 22 23 24

mapM2D                0 2 5 9 14 20 27 35 44 54 65 72 80 89 99 110 117 125 134 144 155 163 172 182 193 2 1 4 8 13 19 26 34 43 53 64 71 79 88 98 109 116 124 133 143 154 162 171 181 192 5 4 3 7 12 18 25 33 42 52 63 70 78 87 97 108 115 123 132 142 153 161 170 180 191 9 8 7 6 11 17 24 32 41 51 62 69 77 86 96 107 114 122 131 141 152 160 169 179 190 14 13 12 11 10 16 23 31 40 50 61 68 76 85 95 106 113 121 130 140 151 159 168 178 189 20 19 18 17 16 15 22 30 39 49 60 67 75 84 94 105 112 120 129 139 150 158 167 177 188 27 26 25 24 23 22 21 29 38 48 59 35 34 33 32 31 30 29 28 37 47 58 44 43 42 41 40 39 38 37 36 46 57 54 53 52 51 50 49 48 47 46 45 56 65 64 63 62 61 60 59 58 57 56 55 72 71 70 69 68 67 66 74 83 93 104 80 79 78 77 76 75 74 73 82 92 103 89 88 87 86 85 84 83 82 81 91 102 99 98 97 96 95 94 93 92 91 90 101 110 109 108 107 106 105 104 103 102 101 100 117 116 115 114 113 112 111 119 128 138 149 157 166 176 187 125 124 123 122 121 120 119 118 127 137 148 134 133 132 131 130 129 128 127 126 136 147 144 143 142 141 140 139 138 137 136 135 146 155 154 153 152 151 150 149 148 147 146 145 163 162 161 160 159 158 157 156 165 175 186 172 171 170 169 168 167 166 165 164 174 185 182 181 180 179 178 177 176 175 174 173 184 193 192 191 190 189 188 187 186 185 184 183

mapD2M                0 26 25 52 51 50 78 77 76 75 104 103 102 101 100 130 129 128 127 126 125 156 155 154 153 152 151 150 168 167 166 165 164 163 162 161 180 179 178 177 176 175 174 173 172 192 191 190 189 188 187 186 185 184 183 204 203 202 201 200 199 198 197 196 195 194 211 210 209 208 207 206 205 223 222 221 220 219 218 217 216 235 234 233 232 231 230 229 228 227 247 246 245 244 243 242 241 240 239 238 259 258 257 256 255 254 253 252 251 250 249 266 265 264 263 262 261 260 282 281 280 279 278 277 276 275 294 293 292 291 290 289 288 287 286 306 305 304 303 302 301 300 299 298 297 318 317 316 315 314 313 312 311 310 309 308 326 325 324 323 322 321 320 319 338 337 336 335 334 333 332 331 330 350 349 348 347 346 345 344 343 342 341 362 361 360 359 358 357 356 355 354 353 352

CONTACT
  0:
     dim           3
     geoms         floor : left_foot3
     exclude       0
     efc_address   0
     solref         0.02      1       
     solimp         0.9       0.95      0.001     0.5       2       
     dist          -0.0013  
     includemargin  0       
     pos            0.071     0.2      -0.00063 
     frame          0         0         1         0.095    -1         0         1         0.095    -0       
     friction       1         1         0.005     0.0001    0.0001  
     mu             1       
  1:
     dim           3
     geoms         floor : left_foot3
     exclude       0
     efc_address   4
     solref         0.02      1       
     solimp         0.9       0.95      0.001     0.5       2       
     dist          -0.00026 
     includemargin  0       
     pos            0.066     0.26     -0.00013 
     frame          0         0         1         0.095    -1         0         1         0.095    -0       
     friction       1         1         0.005     0.0001    0.0001  
     mu             1       
  2:
     dim           3
     geoms         floor : right_foot1
     exclude       0
     efc_address   8
     solref         0.02      1       
     solimp         0.9       0.95      0.001     0.5       2       
     dist          -0.006   
     includemargin  0       
     pos           -0.091    -0.17     -0.003   
     frame          0         0         1        -0.94      0.34      0        -0.34     -0.94      0       
     friction       1         1         0.005     0.0001    0.0001  
     mu             1       
  3:
     dim           3
     geoms         floor : right_foot2
     exclude       0
     efc_address   12
     solref         0.02      1       
     solimp         0.9       0.95      0.001     0.5       2       
     dist          -0.0041  
     includemargin  0       
     pos            0.05     -0.22     -0.0021  
     frame          0         0         1        -0.94      0.33      0        -0.33     -0.94      0       
     friction       1         1         0.005     0.0001    0.0001  
     mu             1       
  4:
     dim           3
     geoms         floor : right_foot3
     exclude       0
     efc_address   16
     solref         0.02      1       
     solimp         0.9       0.95      0.001     0.5       2       
     dist          -0.0041  
     includemargin  0       
     pos            0.063    -0.25     -0.0021  
     frame          0         0         1        -0.33     -0.94      0         0.94     -0.33      0       
     friction       1         1         0.005     0.0001    0.0001  
     mu             1       
  5:
     dim           3
     geoms         floor : right_foot3
     exclude       0
     efc_address   20
     solref         0.02      1       
     solimp         0.9       0.95      0.001     0.5       2       
     dist          -0.0035  
     includemargin  0       
     pos            0.083    -0.2      -0.0017  
     frame          0         0         1        -0.33     -0.94      0         0.94     -0.33      0       
     friction       1         1         0.005     0.0001    0.0001  
     mu             1       

EFC_TYPE
  6
  6
  6
  6
  6
  6
  6
  6
  6
  6
  6
  6
  6
  6
  6
  6
  6
  6
  6
  6
  6
  6
  6
  6

EFC_ID
  0
  0
  0
  0
  1
  1
  1
  1
  2
  2
  2
  2
  3
  3
  3
  3
  4
  4
  4
  4
  5
  5
  5
  5

EFC_J
   0.095    -1         1        -0.8      -0.27     -0.11     -0.094    -0.76     -0.04     -0.006    -0.13      0         0         0         0         0         0         0         0         0         0         0         0         0         0       
  -0.095     1         1         1.2       0.18      0.13      0.11      0.96     -0.038    -0.0058   -0.13      0         0         0         0         0         0         0         0         0         0         0         0         0         0       
   1         0.095     1         0.43     -1.1      -0.14     -0.054     0.1      -0.9      -0.47     -0.22      0         0         0         0         0         0         0         0         0         0         0         0         0         0       
  -1        -0.095     1        -0.018     0.97      0.15      0.066     0.097     0.83      0.46     -0.045     0         0         0         0         0         0         0         0         0         0         0         0         0         0       
   0.095    -1         1        -0.74     -0.26     -0.11     -0.092    -0.7      -0.04     -0.006    -0.13      0         0         0         0         0         0         0         0         0         0         0         0         0         0       
  -0.095     1         1         1.3       0.19      0.13      0.11      1        -0.038    -0.0058   -0.13      0         0         0         0         0         0         0         0         0         0         0         0         0         0       
   1         0.095     1         0.49     -1.1      -0.19     -0.11      0.16     -0.9      -0.47     -0.22      0         0         0         0         0         0         0         0         0         0         0         0         0         0       
  -1        -0.095     1         0.038     0.98      0.22      0.13      0.16      0.83      0.46     -0.044     0         0         0         0         0         0         0         0         0         0         0         0         0         0       
  -0.94      0.34      1         0.061     1.1      -0.23      0         0         0         0         0        -0.14     -0.099     0.94      0.58      0.1       0         0         0         0         0         0         0         0         0       
   0.94     -0.34      1        -0.41     -0.94      0.21      0         0         0         0         0         0.13     -0.11     -0.78     -0.34     -0.033     0         0         0         0         0         0         0         0         0       
  -0.34     -0.94      1        -1.2       0.3      -0.025     0         0         0         0         0        -0.0022   -0.97      0.082     0.12      0.035     0         0         0         0         0         0         0         0         0       
   0.34      0.94      1         0.84     -0.16      0.0072    0         0         0         0         0        -0.0091    0.76      0.076     0.11      0.034     0         0         0         0         0         0         0         0         0       
  -0.94      0.33      1         0.024     0.93     -0.22      0         0         0         0         0        -0.13     -0.1       0.79      0.42     -0.049     0         0         0         0         0         0         0         0         0       
   0.94     -0.33      1        -0.44     -1.1       0.21      0         0         0         0         0         0.13     -0.11     -0.93     -0.49     -0.18      0         0         0         0         0         0         0         0         0       
  -0.33     -0.94      1        -1.2       0.14     -0.17      0         0         0         0         0        -0.15     -0.96     -0.072    -0.035    -0.12      0         0         0         0         0         0         0         0         0       
   0.33      0.94      1         0.8      -0.3       0.16      0         0         0         0         0         0.14      0.75     -0.069    -0.033    -0.11      0         0         0         0         0         0         0         0         0       
  -0.33     -0.94      1        -1.2       0.12     -0.19      0         0         0         0         0        -0.17     -0.99     -0.097    -0.06     -0.14      0         0         0         0         0         0         0         0         0       
   0.33      0.94      1         0.76     -0.32      0.19      0         0         0         0         0         0.17      0.72     -0.095    -0.058    -0.14      0         0         0         0         0         0         0         0         0       
   0.94     -0.33      1        -0.48     -1.1       0.24      0         0         0         0         0         0.16     -0.14     -0.95     -0.52     -0.21      0         0         0         0         0         0         0         0         0       
  -0.94      0.33      1        -0.0083    0.91     -0.25      0         0         0         0         0        -0.16     -0.13      0.76      0.4      -0.075     0         0         0         0         0         0         0         0         0       
  -0.33     -0.94      1        -1.2       0.11     -0.19      0         0         0         0         0        -0.17     -0.93     -0.097    -0.06     -0.14      0         0         0         0         0         0         0         0         0       
   0.33      0.94      1         0.82     -0.33      0.19      0         0         0         0         0         0.17      0.78     -0.095    -0.058    -0.14      0         0         0         0         0         0         0         0         0       
   0.94     -0.33      1        -0.42     -1.1       0.19      0         0         0         0         0         0.1      -0.08     -0.95     -0.52     -0.21      0         0         0         0         0         0         0         0         0       
  -0.94      0.33      1         0.048     0.9      -0.19      0         0         0         0         0        -0.1      -0.072     0.76      0.4      -0.074     0         0         0         0         0         0         0         0         0       

EFC_POS
  -0.0013  
  -0.0013  
  -0.0013  
  -0.0013  
  -0.00026 
  -0.00026 
  -0.00026 
  -0.00026 
  -0.006   
  -0.006   
  -0.006   
  -0.006   
  -0.0041  
  -0.0041  
  -0.0041  
  -0.0041  
  -0.0041  
  -0.0041  
  -0.0041  
  -0.0041  
  -0.0035  
  -0.0035  
  -0.0035  
  -0.0035  

EFC_MARGIN
   0       
   0       
   0       
   0       
   0       
   0       
   0       
   0       
   0       
   0       
   0       
   0       
   0       
   0       
   0       
   0       
   0       
   0       
   0       
   0       
   0       
   0       
   0       
   0       

EFC_FRICTIONLOSS
   0       
   0       
   0       
   0       
   0       
   0       
   0       
   0       
   0       
   0       
   0       
   0       
   0       
   0       
   0       
   0       
   0       
   0       
   0       
   0       
   0       
   0       
   0       
   0       

EFC_DIAGAPPROX
   2.3     
   2.3     
   2.3     
   2.3     
   2.3     
   2.3     
   2.3     
   2.3     
   2.3     
   2.3     
   2.3     
   2.3     
   2.3     
   2.3     
   2.3     
   2.3     
   2.3     
   2.3     
   2.3     
   2.3     
   2.3     
   2.3     
   2.3     
   2.3     

EFC_KBIP
   2.8e+03   1.1e+02   0.95      0       
   2.8e+03   1.1e+02   0.95      0       
   2.8e+03   1.1e+02   0.95      0       
   2.8e+03   1.1e+02   0.95      0       
   2.8e+03   1.1e+02   0.91     -51      
   2.8e+03   1.1e+02   0.91     -51      
   2.8e+03   1.1e+02   0.91     -51      
   2.8e+03   1.1e+02   0.91     -51      
   2.8e+03   1.1e+02   0.95      0       
   2.8e+03   1.1e+02   0.95      0       
   2.8e+03   1.1e+02   0.95      0       
   2.8e+03   1.1e+02   0.95      0       
   2.8e+03   1.1e+02   0.95      0       
   2.8e+03   1.1e+02   0.95      0       
   2.8e+03   1.1e+02   0.95      0       
   2.8e+03   1.1e+02   0.95      0       
   2.8e+03   1.1e+02   0.95      0       
   2.8e+03   1.1e+02   0.95      0       
   2.8e+03   1.1e+02   0.95      0       
   2.8e+03   1.1e+02   0.95      0       
   2.8e+03   1.1e+02   0.95      0       
   2.8e+03   1.1e+02   0.95      0       
   2.8e+03   1.1e+02   0.95      0       
   2.8e+03   1.1e+02   0.95      0       

EFC_D
   8.4     
   8.4     
   8.4     
   8.4     
   4.3     
   4.3     
   4.3     
   4.3     
   8.4     
   8.4     
   8.4     
   8.4     
   8.4     
   8.4     
   8.4     
   8.4     
   8.4     
   8.4     
   8.4     
   8.4     
   8.4     
   8.4     
   8.4     
   8.4     

EFC_R
   0.12    
   0.12    
   0.12    
   0.12    
   0.23    
   0.23    
   0.23    
   0.23    
   0.12    
   0.12    
   0.12    
   0.12    
   0.12    
   0.12    
   0.12    
   0.12    
   0.12    
   0.12    
   0.12    
   0.12    
   0.12    
   0.12    
   0.12    
   0.12    

ACTUATOR_VELOCITY
  -3.4     
  -0.26    
   0.64    
  -1.2     
  -2.8     
   2.8     
  -0.13    
  -0.46    
  -1.8     
   1.8     
   5.1     
   3.9     
  -0.28    
   5.9     
  -5.7     
  -3.6     
  -0.67    
   1.9     
  -2.9     

CVEL
   0         0         0         0         0         0       
   0.54      0.9      -2.2      -0.11      0.013    -0.37    
   0.44      1        -5.7      -0.41      0.0095   -0.37    
   0.18      1        -5.7      -0.41      0.045    -0.34    
   0.12      1.7      -5.7      -0.32      0.053    -0.31    
   0.24      0.46     -5.7      -0.97     -0.0073   -0.41    
   0.5      -2.4      -5.7      -3.5      -0.25     -0.27    
   0.62      0.78      0.59     -0.35      0.074    -0.36    
   0.5       0.82      0.59     -0.34      0.092    -0.38    
   0.35      0.39      0.59     -0.41      0.11     -0.39    
  -0.24     -1.3       0.57     -1.3       0.44     -0.53    
   0.35      0.4       0.59      0.26     -0.12     -0.54    
   0.69      0.68      2.8      -0.1       0.071    -0.37    
   0.33      4.1       4.7      -1.5      -0.077    -0.36    
   0.069     4.1       4.7      -1.4      -0.2      -0.31    
   1.4       4.3       10       -0.48      0.58     -0.56    
   4.2      -0.59      10        0.22      0.97     -0.66    
   1.1      -2.7       4.2       1.2       0.23     -0.38    
   0.45     -2.8       4.1       1.3      -0.073    -0.54    
   0.24     -2.9       6         0.89     -0.23     -0.59    
   0.99     -5.7       5.9       1.3      -0.11     -0.68    

CDOF_DOT
   0         0         0         0         0         0       
   0         0         0         0         0         0       
   0         0         0         0         0         0       
   0         0        -0        -0.044    -0.37     -0.0086  
   0         0         0         0.36     -0.041    -0.079   
   0         0        -0         0.0023    0.067     0.0028  
   0.8      -0.6      -0.049    -0.0034   -0.099    -0.074   
   0.51     -5.6      -1        -0.84     -0.39     -0.12    
   5.7       0.53      0.28      0.46     -0.76     -0.54    
   5.7       0.53      0.28      0.72     -3        -1.2     
   5.7       0.53      0.28      0.88     -5.1      -1.4     
   0.8      -0.6      -0.049     0.049     0.29      0.094   
   0.16      0.58     -0.94      0.021    -0.44     -0.0039  
  -0.55      0.19      0.2       0.42     -0.062    -0.49    
  -0.55      0.19      0.2       0.51      0.15     -0.68    
  -0.55      0.19      0.2       0.69      0.33     -0.18    
   0.8      -0.6      -0.049     0.023     0.093     0.0099  
  -2.2      -0.57      0.67      0.47     -0.92      0.13    
  -2         4.5      -3.9      -2.8      -1.3       0.52    
   3.7       0.99     -0.91     -0.99      2.1      -0.68    
  -8.8      -5.2       3.3       1.3      -0.99      0.3     
  -2.9      -0.064     0.71      0.44     -1         0.12    
  -1.1       4         2.8      -2.4      -1.2       0.19    
  -2.4      -0.92     -0.35      0.31     -2        -0.68    
  -5.9      -1.6      -0.52      0.7      -0.72      0.38    

QFRC_BIAS
  -22      
  -23      
   5.2e+02 
   12      
  -5.9     
   3.4     
   0.86    
   4.2     
   3.6     
   2       
  -0.19    
   0.72    
  -1.5     
  -1.5     
   0.35    
  -0.34    
   0.87    
   1.7     
  -6.6     
  -1.9     
  -2.7     
  -0.47    
   4.6     
   1.1     
  -1.4     

QFRC_SPRING
   0       
   0       
   0       
   0       
   0       
   0       
   0       
   0       
   0       
   0       
   0       
   0       
   0       
   0       
   0       
   0       
   0       
   0       
   0       
   0       
   0       
   0       
   0       
   0       
   0       

QFRC_DAMPER
   0       
   0       
   0       
   0       
   0       
   0       
   3.4     
   0.26    
  -0.64    
   1.2     
   2.8     
  -2.8     
   0.13    
   0.46    
   1.8     
  -1.8     
  -5.1     
  -3.9     
   0.28    
  -5.9     
   5.7     
   3.6     
   0.67    
  -1.9     
   2.9     

QFRC_GRAVCOMP
   0       
   0       
   0       
   0       
   0       
   0       
   0       
   0       
   0       
   0       
   0       
   0       
   0       
   0       
   0       
   0       
   0       
   0       
   0       
   0       
   0       
   0       
   0       
   0       
   0       

QFRC_FLUID
   0       
   0       
   0       
   0       
   0       
   0       
   0       
   0       
   0       
   0       
   0       
   0       
   0       
   0       
   0       
   0       
   0       
   0       
   0       
   0       
   0       
   0       
   0       
   0       
   0       

QFRC_PASSIVE
   0       
   0       
   0       
   0       
   0       
   0       
   3.4     
   0.26    
  -0.64    
   1.2     
   2.8     
  -2.8     
   0.13    
   0.46    
   1.8     
  -1.8     
  -5.1     
  -3.9     
   0.28    
  -5.9     
   5.7     
   3.6     
   0.67    
  -1.9     
   2.9     

EFC_VEL
   0.095   
  -0.13    
  -0.072   
   0.039   
   0.11    
  -0.11    
   0.29    
  -0.29    
  -0.45    
  -0.66    
  -0.71    
  -0.41    
  -0.53    
  -0.73    
  -0.87    
  -0.39    
  -0.91    
  -0.4     
  -0.74    
  -0.57    
  -0.89    
  -0.38    
  -0.76    
  -0.52    

EFC_AREF
  -6.7     
   17      
   11      
  -0.77    
  -11      
   12      
  -30      
   31      
   64      
   85      
   90      
   59      
   67      
   88      
   1e+02   
   52      
   1.1e+02 
   53      
   88      
   70      
   1e+02   
   50      
   89      
   64      

SUBTREE_LINVEL
   0         0         0       
   0         0         0       
   0         0         0       
   0         0         0       
   0         0         0       
   0         0         0       
   0         0         0       
   0         0         0       
   0         0         0       
   0         0         0       
   0         0         0       
   0         0         0       
   0         0         0       
   0         0         0       
   0         0         0       
   0         0         0       
   0         0         0       
   0         0         0       
   0         0         0       
   0         0         0       
   0         0         0       

SUBTREE_ANGMOM
   0         0         0       
   0         0         0       
   0         0         0       
   0         0         0       
   0         0         0       
   0         0         0       
   0         0         0       
   0         0         0       
   0         0         0       
   0         0         0       
   0         0         0       
   0         0         0       
   0         0         0       
   0         0         0       
   0         0         0       
   0         0         0       
   0         0         0       
   0         0         0       
   0         0         0       
   0         0         0       
   0         0         0       

ACTUATOR_FORCE
  -22      
  -29      
  -77      
  -25      
   24      
  -12      
   11      
   26      
  -8.5     
   3.6     
   1.4     
   40      
  -6       
  -11      
  -16      
  -40      
  -1       
   11      
  -15      

QFRC_ACTUATOR
   0       
   0       
   0       
   0       
   0       
   0       
  -22      
  -29      
  -77      
  -25      
   24      
  -12      
   11      
   26      
  -8.5     
   3.6     
   1.4     
   40      
  -6       
  -11      
  -16      
  -40      
  -1       
   11      
  -15      

QFRC_SMOOTH
   22      
   23      
  -5.2e+02 
  -12      
   5.9     
  -3.4     
  -19      
  -33      
  -82      
  -26      
   27      
  -15      
   13      
   28      
  -7.1     
   2.1     
  -4.5     
   34      
   0.85    
  -15      
  -7.9     
  -36      
  -5       
   7.9     
  -11      

QACC_SMOOTH
  -3       
   0.86    
  -9.9     
  -5.1     
   32      
   95      
  -1e+02   
  -30      
  -1.4e+02 
  -11      
   2.7e+02 
  -93      
   16      
   30      
  -1.1e+02 
   17      
  -1.5e+02 
   1.8e+02 
   19      
  -1.4e+02 
  -97      
  -1.6e+02 
  -30      
   74      
  -74      

EFC_B
  -17      
  -83      
   1.1     
  -1e+02   
  -14      
  -80      
   40      
  -1.3e+02 
  -78      
  -1.1e+02 
  -1.1e+02 
  -74      
  -76      
  -1.1e+02 
  -1.2e+02 
  -63      
  -1.2e+02 
  -62      
  -1.1e+02 
  -79      
  -1.2e+02 
  -59      
  -1.1e+02 
  -72      

EFC_FORCE
   0       
   39      
   25      
   0       
   0       
   0       
   0       
   97      
   2.6e+02 
   3e+02   
   2.2e+02 
   3.5e+02 
   45      
   89      
   60      
   75      
   39      
   35      
   48      
   27      
   27      
   23      
   59      
   0       

EFC_STATE
  0
  1
  1
  0
  0
  0
  0
  1
  1
  1
  1
  1
  1
  1
  1
  1
  1
  1
  1
  1
  1
  1
  1
  0

QFRC_CONSTRAINT
   1.3e+02 
   1e+02   
   1.8e+03 
  -1.5e+02 
  -91      
   48      
   15      
   55      
   56      
   33      
  -15      
   14      
  -62      
  -95      
   31      
  -40      
   0       
   0       
   0       
   0       
   0       
   0       
   0       
   0       
   0       

QFRC_INVERSE
   0       
   0       
   0       
   0       
   0       
   0       
   0       
   0       
   0       
   0       
   0       
   0       
   0       
   0       
   0       
   0       
   0       
   0       
   0       
   0       
   0       
   0       
   0       
   0       
   0       

CACC
   0         0         0         0         0         0       
   0         0         0         0         0         0       
   0         0         0         0         0         0       
   0         0         0         0         0         0       
   0         0         0         0         0         0       
   0         0         0         0         0         0       
   0         0         0         0         0         0       
   0         0         0         0         0         0       
   0         0         0         0         0         0       
   0         0         0         0         0         0       
   0         0         0         0         0         0       
   0         0         0         0         0         0       
   0         0         0         0         0         0       
   0         0         0         0         0         0       
   0         0         0         0         0         0       
   0         0         0         0         0         0       
   0         0         0         0         0         0       
   0         0         0         0         0         0       
   0         0         0         0         0         0       
   0         0         0         0         0         0       
   0         0         0         0         0         0       

CFRC_INT
   0         0         0         0         0         0       
   0         0         0         0         0         0       
   0         0         0         0         0         0       
   0         0         0         0         0         0       
   0         0         0         0         0         0       
   0         0         0         0         0         0       
   0         0         0         0         0         0       
   0         0         0         0         0         0       
   0         0         0         0         0         0       
   0         0         0         0         0         0       
   0         0         0         0         0         0       
   0         0         0         0         0         0       
   0         0         0         0         0         0       
   0         0         0         0         0         0       
   0         0         0         0         0         0       
   0         0         0         0         0         0       
   0         0         0         0         0         0       
   0         0         0         0         0         0       
   0         0         0         0         0         0       
   0         0         0         0         0         0       
   0         0         0         0         0         0       

CFRC_EXT
   0         0         0         0         0         0       
   0         0         0         0         0         0       
   0         0         0         0         0         0       
   0         0         0         0         0         0       
   0         0         0         0         0         0       
   0         0         0         0         0         0       
   0         0         0         0         0         0       
   0         0         0         0         0         0       
   0         0         0         0         0         0       
   0         0         0         0         0         0       
   0         0         0         0         0         0       
   0         0         0         0         0         0       
   0         0         0         0         0         0       
   0         0         0         0         0         0       
   0         0         0         0         0         0       
   0         0         0         0         0         0       
   0         0         0         0         0         0       
   0         0         0         0         0         0       
   0         0         0         0         0         0       
   0         0         0         0         0         0       
   0         0         0         0         0         0       

